84.0188 39.4383 78.3099 79.8440 91.1647 
19.7551 33.5223 76.8230 27.7775 55.3970 
47.7397 62.8871 36.4784 51.3401 95.2230 
91.6195 63.5712 71.7297 14.1603 60.6969 
1.6301 24.2887 13.7232 80.4177 15.6679 
40.0944 12.9790 10.8809 99.8924 21.8257 
51.2932 83.9112 61.2640 29.6032 63.7552 
52.4287 49.3583 97.2775 29.2517 77.1358 
52.6745 76.9914 40.0229 89.1529 28.3315 
35.2458 80.7725 91.9026 6.9755 94.9327 
52.5995 8.6056 19.2214 66.3227 89.0233 
34.8893 6.4171 2.0023 45.7702 6.3096 
23.8280 97.0634 90.2208 85.0920 26.6666 
53.9760 37.5207 76.0249 51.2535 66.7724 
53.1606 3.9280 43.7638 93.1835 93.0810 
72.0952 28.4293 73.8534 63.9979 35.4049 
68.7861 16.5974 44.0105 88.0075 82.9201 
33.0337 22.8968 89.3372 35.0360 68.6670 
95.6468 58.8640 65.7304 85.8676 43.9560 
92.3970 39.8437 81.4767 68.4219 91.0972 
48.2491 21.5825 95.0252 92.0128 14.7660 
88.1062 64.1081 43.1953 61.9596 28.1059 
78.6002 30.7458 44.7034 22.6107 18.7533 
27.6235 55.6444 41.6501 16.9607 90.6804 
10.3171 12.6075 49.5444 76.0475 98.4752 
93.5004 68.4445 38.3188 74.9771 36.8664 
29.4160 23.2262 58.4489 24.4413 15.2390 
73.2149 12.5475 79.3470 16.4102 74.5071 
7.4530 95.0104 5.2529 52.1563 17.6211 
24.0062 79.7798 73.2654 65.6564 96.7405 
63.9458 75.9735 9.3480 13.4902 52.0210 
7.8232 6.9906 20.4655 46.1420 81.9677 
57.3319 75.5581 5.1939 15.7807 99.9994 
20.4329 88.9956 12.5468 99.7799 5.4058 
87.0540 7.2329 0.4162 92.3069 59.3892 
18.0372 16.3132 39.1690 91.3027 81.9695 
35.9095 55.2485 57.9430 45.2576 68.7387 
9.9640 53.0808 75.7294 30.4295 99.2228 
57.6971 87.7614 74.7809 62.8910 3.5421 
74.7803 83.3239 92.5377 87.3271 83.1038 
97.9434 74.3811 90.3366 98.3596 66.6880 
49.7259 16.3968 83.0012 88.8949 7.6995 
64.9707 24.8044 62.9480 22.9137 70.0620 
31.6867 32.8777 23.1428 7.4161 63.3072 
22.3656 65.1132 51.0686 97.1466 28.0042 
54.6107 71.9269 11.3281 47.1483 59.2540 
94.4318 45.0918 33.6351 84.7684 43.4513 
0.3231 34.4943 59.8481 83.3243 23.3892 
67.5476 48.2950 48.1936 30.4956 71.2087 
18.2556 62.1823 4.0864 41.3984 69.5984 
67.3936 63.7640 34.7116 18.4622 60.9106 
62.7158 73.0729 32.8374 74.0438 20.2213 
92.0914 68.4757 65.3130 25.7265 53.2441 
8.7644 26.0497 87.7384 68.6125 9.3740 
11.1276 36.1601 57.6690 59.3211 66.6557 
28.8778 77.5767 28.8379 32.9642 18.9751 
98.4363 0.3579 82.7391 33.1479 18.8201 
43.6497 95.8637 91.8930 76.4871 69.9075 
12.1143 68.5786 38.3832 77.4274 94.3051 
91.6273 86.1917 20.3548 79.3657 54.8042 
29.7288 90.4932 90.9643 87.3979 49.8144 
57.6200 16.2757 27.3911 86.4579 49.2399 
46.3662 84.8942 49.5977 29.1053 18.0421 
68.4178 72.7550 13.9058 60.3109 49.2422 
83.8134 72.4252 17.8208 22.1966 49.8525 
12.1259 13.8238 36.0443 32.4807 93.1895 
90.8485 62.2095 83.6828 81.8128 49.6074 
33.4972 39.4327 65.8831 60.8883 25.8906 
15.1230 7.2545 10.7848 64.7207 36.3598 
28.8270 33.1386 9.1149 42.7328 93.4495 
58.3570 26.5461 65.8747 76.1778 48.7427 
15.7272 88.3037 62.5665 51.7715 20.7844 
55.7561 42.6199 82.9939 39.4388 24.4327 
32.6013 72.9360 63.8654 98.4845 33.8243 
89.7560 13.6075 41.0788 0.5409 78.3282 
77.4386 29.3678 11.4668 86.5535 72.1006 
4.9162 44.9105 98.6467 70.7909 21.0883 
47.3894 86.5181 9.3920 9.9559 38.2896 
30.1763 65.7120 80.9095 13.1702 5.1508 
5.3422 45.7716 78.0868 69.2076 44.2560 
11.9111 58.9637 57.8635 52.9899 59.5045 
36.1917 30.4285 88.8723 47.6585 16.9820 
60.9729 52.5747 61.8925 59.6196 23.3656 
82.9808 7.0090 9.8837 92.3728 16.9650 
48.1733 22.5491 82.6769 29.0829 35.7193 
87.8278 34.4251 81.4909 65.9146 3.6327 
25.7469 77.8257 62.5964 83.6104 30.8157 
22.1009 19.8021 61.2442 10.9733 67.4605 
78.2262 71.9462 20.0352 40.1188 31.5658 
43.4009 23.0996 38.5748 53.2846 15.4724 
55.5398 1.4579 38.0215 38.2167 30.5408 
73.7408 26.0445 64.9659 55.2316 91.9591 
68.5986 80.9785 69.7848 31.1950 64.5889 
0.6005 53.2960 84.3910 61.8447 64.2692 
51.8515 40.0709 36.2154 71.8867 80.1897 
67.7812 15.2876 3.2893 6.3561 68.5722 
18.7616 61.8958 70.0301 56.7831 0.1125 
0.5709 30.5239 26.1570 65.5368 85.7555 
18.1161 34.1354 66.7341 87.9009 65.3305 
31.3230 88.5014 18.6265 15.7139 50.3461 
82.8957 67.5654 90.4170 19.1112 39.4521 
70.6067 86.8924 54.7397 73.8959 93.2485 
23.3119 92.6576 55.1443 93.3420 49.4407 
55.2568 93.9129 79.9646 81.4139 59.4497 
65.7201 99.5300 93.5852 32.4541 87.4309 
58.9157 63.7771 75.9324 77.5421 79.4910 
26.2785 60.4379 47.0564 16.6955 79.5490 
86.5085 87.3021 66.4414 41.2483 61.1981 
59.6899 64.5602 53.8557 14.8342 57.9022 
3.2963 70.0910 51.8151 83.2609 51.5049 
11.2648 48.9810 51.0349 4.8500 81.4351 
38.4658 63.7656 45.2122 14.3982 41.3078 
24.7033 40.6767 1.7457 71.7597 57.3721 
81.2947 58.2682 44.6743 47.7361 99.5165 
5.8723 7.4260 64.0766 59.7280 22.2602 
21.9788 63.0243 92.3513 73.7939 46.2852 
43.8562 85.0586 95.2662 94.8911 89.9086 
76.7014 33.3569 53.6743 21.9136 47.7551 
94.9820 46.6169 88.4318 96.7277 18.3765 
45.8039 78.0224 76.6448 90.4781 25.7585 
76.1612 96.3505 33.1846 40.2379 56.0785 
55.4448 62.2167 19.1028 47.7961 36.0105 
65.3880 91.6523 21.0692 60.6542 86.5434 
10.9778 37.3556 19.9003 64.6520 59.2692 
67.6554 59.6341 5.8860 56.0872 56.3617 
24.2626 1.8911 34.3841 0.9073 92.3692 
60.1427 77.0686 88.7197 93.3273 17.3065 
44.7982 48.7721 79.5231 63.9009 96.5682 
15.5336 29.2889 88.2204 36.6028 89.9431 
74.7638 47.5806 27.2987 94.6640 12.2326 
86.5679 62.3194 71.8666 92.4539 18.4066 
28.2284 16.7165 20.2977 62.6125 17.6239 
12.6669 22.7552 94.6925 1.3866 16.0824 
11.9989 46.1848 64.8545 91.5221 10.0857 
61.4227 7.0557 39.3746 49.6431 43.6585 
29.3177 24.4069 91.2391 56.6164 19.0709 
3.4716 43.1844 81.3904 75.3383 35.6383 
99.7970 3.5666 52.3548 20.0947 66.1792 
69.9787 32.7616 88.9343 64.6712 34.1482 
5.0168 76.6701 80.3330 69.8713 68.1922 
90.4187 31.2940 75.2479 29.7933 80.9371 
18.9064 59.1111 5.3439 10.1454 15.7275 
24.4149 13.6171 58.9119 5.8052 88.9553 
94.5502 5.6022 92.5220 46.9050 25.6969 
58.7011 16.8837 58.4585 47.6355 81.5549 
92.6068 52.6523 58.2250 72.9398 22.5236 
26.4172 63.3585 53.8175 1.6651 93.1518 
34.7546 20.5714 52.2629 40.0985 30.7168 
67.9904 64.5134 44.3339 26.9022 70.3186 
33.2892 21.4524 75.9208 25.8112 68.3574 
1.6177 84.5123 85.2411 60.0763 32.1478 
66.7960 52.6830 84.8000 25.0210 25.6228 
7.3236 51.4382 88.9813 61.1411 53.1033 
82.1331 95.8957 73.6747 34.3959 35.9942 
4.3915 2.3863 0.5076 48.7254 29.2886 
70.8262 82.0146 50.7410 46.7471 7.8258 
19.0984 48.3648 92.3381 4.3395 8.4411 
24.4858 71.1355 61.1241 9.2858 96.1565 
86.7469 16.6094 47.5947 75.7282 77.7505 
0.6980 57.8613 73.6462 74.3727 92.2572 
9.6404 78.7642 94.6435 10.1480 27.4897 
23.9321 80.9743 9.5043 74.6730 27.7214 
17.3301 93.7714 76.0862 9.6681 98.1109 
84.5273 34.1540 69.2463 45.6514 43.4398 
65.4029 32.3983 60.0492 12.9976 8.1265 
37.7997 13.6956 65.9878 11.4459 88.0683 
58.2450 21.0863 66.8326 52.8885 31.2343 
94.3222 76.8206 12.2086 3.8265 51.4936 
39.9300 21.1565 45.2650 16.0162 30.8247 
43.3758 0.5435 64.9787 12.6222 46.1949 
8.4185 78.0250 78.5932 68.4677 91.0227 
86.7197 6.2674 4.7183 52.7075 17.7133 
92.7866 10.9525 38.7996 59.6191 63.8409 
70.0340 53.9413 40.6615 82.2426 57.7678 
92.1551 22.1726 78.9244 37.4201 38.1888 
9.7491 80.7959 38.7323 74.7277 93.4181 
84.9272 83.1462 71.4432 63.5204 51.6139 
62.4658 50.2401 57.8813 67.1841 2.9476 
75.5946 59.9707 13.9001 14.3942 19.5898 
77.7410 84.4281 73.5311 18.4025 66.6707 
31.2990 10.5576 88.8433 10.2233 47.9777 
27.0321 19.9724 28.7736 65.7643 94.7001 
22.1918 50.6915 77.8463 93.6349 14.2119 
29.4601 56.1007 64.4520 87.3414 23.2848 
67.3996 62.9359 83.2555 81.2997 77.3301 
2.8453 59.0407 61.7582 76.3764 77.4432 
28.4289 7.6753 88.0009 17.2722 17.8987 
35.9786 44.3043 37.8710 64.7522 10.0686 
32.5711 86.9440 60.7600 10.4174 80.5789 
74.9719 39.8775 36.6796 39.4239 27.2189 
59.9644 6.8235 90.1549 43.2199 88.1232 
67.4850 46.0652 47.1639 29.2432 22.4415 
24.6071 57.6721 30.1169 12.6080 74.9443 
48.0155 48.5866 19.2486 85.8866 13.3388 
29.3171 18.4577 0.2828 90.0772 28.8752 
80.8617 65.0491 68.7527 17.5413 4.4729 
95.9716 77.5058 11.2964 86.1265 20.7257 
99.4196 53.6115 66.7908 46.5835 82.8546 
89.2324 71.1906 40.5267 19.3493 83.7986 
15.4711 67.3648 32.3852 34.7196 53.2514 
45.7240 64.0368 71.7092 46.0067 54.1140 
0.5843 26.8684 19.1630 69.3370 44.4097 
23.6360 65.3087 21.9155 34.9324 51.4352 
42.6412 34.3520 5.0466 9.4320 80.9355 
87.9013 98.6644 52.1261 28.4280 18.0136 
35.9247 43.8990 85.3784 68.3098 78.6187 
38.6299 14.0338 42.6555 10.3390 60.0405 
96.7694 10.9233 86.9090 15.9324 80.2604 
31.3187 39.5684 45.5690 53.2342 74.5008 
97.0042 95.8753 8.8528 2.0508 5.3073 
89.7883 89.9521 3.9717 41.9144 18.3801 
21.9853 77.8391 62.2791 7.3638 46.1489 
40.8978 45.9936 60.1827 83.5533 56.3327 
20.2232 80.3227 67.2560 7.1322 96.2551 
47.5164 38.4509 35.8235 93.0854 91.6851 
10.3244 90.0896 87.5604 19.1772 92.1405 
92.8678 8.9655 82.0926 96.8395 50.8799 
0.4727 18.8248 28.7189 62.7518 26.1886 
74.8678 3.6496 72.1822 35.0505 87.2029 
28.5149 55.2738 67.5255 95.7709 62.4060 
63.7806 43.2873 0.8569 99.6042 36.3727 
92.5420 9.9285 26.4624 80.1024 29.1057 
18.6029 72.9702 38.0712 0.6954 69.8096 
88.9511 1.1681 88.6344 17.6700 63.9199 
14.8230 92.5379 67.5694 87.0053 27.5884 
54.7723 15.5202 82.8622 22.2978 11.2911 
45.2681 86.0784 54.5784 46.1250 85.6826 
90.9512 38.6669 95.6111 17.4136 18.7693 
24.7168 36.0164 91.7395 62.7880 36.7118 
61.5491 51.7391 37.8799 50.1835 69.4091 
1.7998 65.0066 61.9470 69.3692 52.0118 
89.5354 24.1415 67.5320 72.3975 46.4393 
78.8231 17.6656 32.5177 33.4016 63.7906 
18.2003 24.3528 2.4575 13.8114 41.7663 
21.2269 38.5282 77.7828 12.9663 1.3161 
14.4946 74.5154 53.0552 52.3745 24.6990 
22.4643 54.1743 89.7055 84.4113 23.5435 
41.7174 73.9467 47.6850 9.2494 46.3442 
94.1243 88.0725 64.0098 26.6420 21.4741 
27.8005 44.8423 45.8269 30.2580 58.6537 
87.5932 51.4849 97.1818 65.3760 64.4512 
98.4980 79.8706 38.9667 51.5532 32.2451 
63.6656 74.0175 86.4194 53.3712 58.4288 
9.9629 95.0885 32.3755 57.6479 4.3379 
78.7197 51.7722 92.4104 42.7295 78.4142 
13.8845 70.5300 23.2565 59.7113 0.7880 
81.9102 47.3046 52.2729 79.0920 12.6805 
16.7241 77.5899 92.5511 55.6908 29.1431 
24.7962 19.3564 3.1606 11.2157 72.7276 
61.5894 21.1786 67.8161 93.9649 78.8265 
72.1540 72.6846 30.5987 64.5644 15.4141 
9.0130 78.4489 85.9441 32.2695 38.1603 
86.7321 14.1796 85.4648 39.0050 93.2716 
98.1453 55.7291 70.8616 90.6964 11.4199 
0.0047 15.4927 30.7763 3.1653 26.7083 
3.5039 64.7548 47.8869 71.3200 58.7197 
26.7134 43.4740 31.4043 57.3122 8.0384 
46.8185 66.3252 86.4873 32.7626 98.5946 
24.6476 19.4948 12.7743 10.1124 58.4998 
6.0459 8.2577 14.2289 76.9074 98.9541 
25.6489 76.9121 14.4468 56.4252 80.0775 
41.1551 59.9291 44.8322 89.0420 31.2491 
3.5519 15.7555 74.7231 34.9562 73.0676 
82.7615 81.7747 39.3928 69.2488 14.5373 
37.9874 93.8963 34.0321 50.7617 4.0087 
92.5318 56.8076 12.2664 6.7608 33.7150 
11.2205 32.4096 10.6272 25.6673 88.8348 
90.7046 66.8224 48.7639 35.5369 55.8645 
80.0129 39.0888 71.6199 54.7360 74.0451 
44.6876 37.4975 55.8198 84.0804 6.7462 
70.3571 22.0679 0.6426 4.3891 72.8296 
4.6513 96.9210 29.6372 16.9177 3.6818 
63.3522 28.1382 36.0914 73.9794 53.8055 
24.9262 64.6840 20.6280 73.6901 0.2209 
76.4925 53.7030 39.3097 48.1124 8.4390 
13.3548 92.8000 45.9365 69.1745 76.8804 
52.6827 39.5316 98.9483 53.3253 43.9207 
71.7778 57.9765 40.8417 1.4150 74.8942 
44.5235 64.7672 3.0324 80.6149 38.7466 
56.8379 5.5411 3.4307 77.4659 79.2311 
3.6516 53.9584 32.9342 42.9613 2.0708 
41.3732 56.3161 94.8708 87.3097 25.4906 
71.7512 39.9924 65.0222 70.6995 93.3176 
8.9430 42.4774 51.2941 49.7847 43.8924 
26.1883 94.3081 8.6596 29.2207 74.9230 
47.4063 86.0587 80.4641 50.8369 63.5246 
59.6952 54.4885 17.4830 92.6294 97.4499 
19.5538 34.0026 53.7660 14.4246 21.3122 
79.2566 86.1759 61.3046 44.2789 56.8754 
54.6222 53.2218 99.3528 5.9163 3.0065 
43.2452 32.1047 97.3147 51.9048 61.3254 
72.2377 99.3110 47.3841 52.7017 50.1480 
10.9087 12.3969 4.6365 28.3917 5.0263 
2.0864 47.9455 39.0289 55.8524 62.3701 
60.3411 35.1090 48.5460 21.6457 79.3878 
5.4214 76.2679 32.6097 4.7742 82.1842 
35.6162 48.0193 14.2889 32.9309 99.9241 
75.6143 5.1685 99.2352 22.9984 57.8702 
49.3831 33.9071 70.2672 54.0197 62.2988 
75.2935 56.1060 10.2443 14.3224 11.9584 
72.6144 74.6635 47.0674 21.1604 96.3092 
26.4553 26.5818 72.5771 59.0649 31.3560 
54.7613 94.6811 79.3753 69.0502 27.6120 
79.2995 44.6645 32.7805 78.5346 67.6628 
90.6507 27.9178 1.5699 60.9179 81.9374 
63.8687 36.2115 38.0434 74.1130 50.5339 
50.0019 46.7274 25.1974 97.0693 67.8878 
21.5066 23.5245 94.4697 94.0837 82.5895 
25.8257 48.8450 77.2706 5.2010 17.8952 
4.8826 84.5005 62.5596 37.6631 63.0351 
30.2225 28.3138 90.9529 31.7924 89.2318 
72.8903 95.6611 25.4432 10.9337 69.7741 
75.9771 60.9356 16.5015 1.1745 58.0048 
84.3894 22.6811 81.5294 78.8590 16.7648 
64.1188 4.6847 65.6098 41.3894 9.8858 
83.5050 46.2720 94.3863 46.0646 83.9351 
57.4214 76.2871 12.2489 48.3742 8.0795 
1.4807 21.2645 3.7406 26.9239 32.1982 
73.5147 2.9011 93.1338 90.0163 4.0756 
51.1386 74.4056 26.7567 32.6680 53.2647 
43.5216 96.7868 57.9494 9.1314 38.1762 
67.8351 92.6364 84.4482 62.2214 38.7011 
68.3833 19.6428 14.9882 80.6322 68.0170 
23.0677 82.1129 89.2815 26.8084 9.0368 
21.4797 0.3231 11.9379 14.6135 90.3394 
16.0135 65.7522 64.7450 42.7702 98.4202 
18.0096 86.2918 95.2070 75.9590 95.4232 
33.3832 43.7942 88.0596 17.8314 6.0156 
26.7607 86.2147 25.6583 41.7489 66.8469 
93.6754 64.8167 48.9597 82.9569 91.6250 
57.9965 4.4366 91.9482 69.9344 19.0501 
82.2875 85.9479 84.8023 47.0325 28.7181 
83.2225 65.0421 15.0099 78.4295 41.0011 
10.4331 11.8126 84.7953 98.4927 29.6440 
90.8109 25.2535 15.8587 16.4692 67.0024 
82.7056 10.1446 31.8191 31.6653 93.1014 
23.4441 89.6618 97.5380 15.3923 59.5963 
16.5882 97.6798 45.5442 1.3905 44.7123 
74.2623 84.6130 9.7544 89.2721 63.0424 
50.7555 99.7052 74.8551 35.5508 98.1980 
4.4991 26.3617 23.4514 20.3578 42.8309 
90.4538 3.0634 52.9754 22.2729 34.7287 
46.0768 45.7171 24.3905 43.6149 61.1093 
83.9868 60.2030 58.7891 29.5309 61.5935 
3.5014 3.7932 46.2065 13.2558 93.0653 
9.2489 64.0113 92.7706 84.1040 99.5620 
90.9686 88.6031 25.9237 14.4200 8.9609 
68.7545 4.8739 12.0243 21.7300 27.1468 
46.7529 67.8068 72.8638 71.1434 11.4216 
33.9732 55.1302 71.6247 92.7623 84.6611 
33.2182 96.2637 88.4543 79.4247 9.5194 
81.5197 88.6736 73.5307 74.2903 72.7776 
73.0928 65.2588 61.3807 99.0164 79.6788 
70.3416 67.7710 84.5527 82.3659 89.5010 
11.6995 29.1188 57.3077 84.5633 0.2623 
68.7294 18.5365 55.3925 40.3541 11.2988 
40.0536 73.5723 7.5625 28.5080 52.9970 
17.0819 10.0276 41.6706 90.6126 84.3179 
14.4482 63.7054 49.5767 75.8290 62.7218 
29.2555 46.1706 30.4929 13.8082 28.5365 
19.9938 25.5077 57.6553 77.3016 10.0709 
57.9176 46.0309 28.6074 13.3100 86.3850 
39.9062 53.3636 59.9573 47.4687 81.8716 
12.9542 64.5507 91.8992 54.6248 55.1633 
76.2171 69.0731 18.8687 25.7939 44.9020 
81.5905 55.0494 91.0726 12.0834 68.8576 
19.6091 32.0772 94.3652 77.2644 9.3788 
4.4362 35.1819 55.4097 33.0436 48.4919 
41.7947 72.9499 1.8556 1.7520 20.4186 
83.7272 14.7062 84.9692 75.6264 69.3311 
40.1325 51.8436 38.4041 59.0012 77.6374 
83.3062 40.5917 32.6868 74.3788 52.6751 
1.5444 93.9879 84.7523 95.9096 71.2522 
94.1311 0.3458 6.4342 49.5408 33.3894 
54.9261 91.3355 6.3393 56.7817 93.0875 
26.7578 40.5089 7.7937 11.7271 16.1353 
77.1248 51.8596 67.9788 15.5289 10.8608 
45.6162 98.8351 51.4525 78.3031 73.2138 
4.1276 79.8474 67.2017 88.8799 75.7571 
38.4539 83.0110 76.1029 44.8881 32.5518 
9.4923 99.8142 23.8873 15.8316 56.5959 
16.9748 42.5894 97.1047 24.7685 54.3165 
13.2400 1.8933 6.1761 81.2189 17.4222 
17.0368 26.8351 16.2572 68.4893 5.1382 
89.4711 72.6169 84.9856 56.6728 61.4968 
60.7427 95.1267 44.5079 36.8455 40.0148 
77.0597 46.3378 39.8290 0.9470 62.1694 
96.4248 17.9218 4.7588 93.5296 42.6904 
59.0753 6.7696 44.5836 65.2514 87.9885 
62.0058 82.2882 14.8236 78.2631 50.7775 
19.9617 67.7342 23.3944 4.9473 24.4069 
84.8912 65.6900 19.5336 29.3991 2.5355 
59.5484 6.4588 48.8733 99.3774 7.4058 
11.0427 95.8022 25.3276 15.8015 89.3318 
68.0180 74.8768 96.1014 12.6016 40.1282 
84.0899 74.6075 22.4164 98.9134 52.8705 
73.1938 18.8752 20.6047 96.5882 23.8225 
45.0117 81.4794 89.5125 64.5453 10.8785 
92.0480 24.0937 17.3373 40.9213 23.4711 
24.7430 51.9640 19.2734 50.0707 67.7655 
8.6052 18.0886 42.6423 4.7066 30.6902 
82.7705 88.7964 5.2977 5.1869 87.7099 
58.1682 78.3807 6.5851 78.7729 74.9690 
30.4075 23.7846 56.4484 19.9200 88.3299 
67.3269 11.9679 12.4236 84.6642 52.8892 
35.8948 9.4073 4.8532 55.1681 59.4779 
72.6187 63.7733 77.5665 15.2610 68.4799 
8.2568 98.0315 57.2763 13.5545 3.2184 
44.9862 71.7227 81.5991 51.5713 50.4956 
56.5681 81.9788 74.2802 13.0165 1.8988 
62.6101 80.3434 13.8667 75.0337 65.0077 
66.7559 10.9285 74.4149 71.6091 66.0966 
33.8929 44.2278 29.8698 11.4594 59.4888 
98.3497 19.7162 57.5203 55.6260 33.2706 
60.7387 0.6122 4.9933 42.3378 52.1834 
55.4889 98.9059 34.1622 29.7691 11.9224 
36.0610 92.3792 92.2658 49.9278 67.4129 
57.2735 16.6837 78.3413 31.6884 88.2928 
44.4379 65.5813 32.5206 74.3078 77.0407 
92.0094 72.6575 96.7568 49.5297 28.2835 
30.0275 10.2683 28.8957 35.0207 52.6061 
81.0791 90.5096 51.5120 15.2413 20.2787 
63.4344 51.3024 12.6579 55.7002 1.2301 
80.0708 12.9737 17.9138 58.4121 44.6622 
6.2067 2.8500 10.2434 38.7273 77.1578 
87.2841 30.7366 49.8153 84.0409 80.2663 
78.0987 14.0684 90.5346 6.9944 49.0891 
43.1407 88.0735 39.5988 94.6527 3.3148 
59.8775 58.0872 54.6172 72.5354 13.7874 
55.8473 52.6062 26.7611 73.7611 11.0183 
71.4233 79.9678 13.8684 81.6667 18.6951 
91.0262 68.9509 49.4317 40.8414 52.9918 
29.6980 18.9401 67.0602 20.2326 25.9345 
16.1494 63.3734 14.0080 55.7481 58.0261 
17.3228 15.6257 16.1133 71.9400 88.1611 
29.9007 27.7873 40.7673 56.6618 1.5484 
51.7856 28.0851 81.5162 65.6540 9.7518 
0.2113 56.6801 78.7027 49.6430 97.5215 
31.6945 79.3410 16.4617 98.7547 99.5737 
42.3962 14.9041 62.9471 56.4042 70.6522 
20.9732 73.7270 86.2779 37.0865 45.6670 
74.4389 66.9871 73.4543 15.2062 23.6490 
75.0027 66.9918 51.7341 56.5189 32.6458 
61.4859 56.7302 89.3259 40.1886 6.3733 
86.8474 71.8831 85.7143 3.3091 70.6378 
85.2880 45.7052 85.5419 48.2350 2.1094 
56.1941 69.2082 75.8364 42.4720 6.2947 
21.5033 16.9109 73.2818 94.9576 32.1171 
96.9308 69.9603 99.1090 48.6648 26.4793 
31.7548 10.1507 83.2095 21.0806 50.3394 
89.5828 7.9281 22.2225 75.2971 11.2371 
92.8603 60.5850 56.9424 78.4022 8.8201 
59.0518 34.5963 78.0283 34.8881 77.0682 
84.3230 56.3915 93.9791 57.6048 51.3491 
26.0963 54.5356 21.3094 25.2053 3.2004 
47.7887 56.9600 13.3512 30.9982 78.0407 
63.6905 20.5809 85.9687 85.9130 95.8780 
97.2059 78.7733 56.4630 54.1482 57.1755 
65.2831 13.2000 91.7717 43.3114 48.0881 
68.8400 27.6344 4.4796 62.8191 85.2392 
55.8287 88.9154 39.7747 77.1381 14.1207 
42.9751 24.9267 71.0807 56.3263 55.9249 
49.1214 20.0168 76.5058 35.0901 5.9298 
72.3838 32.2960 84.7030 28.8468 86.4442 
41.8785 94.1299 99.6442 33.6502 37.4413 
47.7323 2.4902 65.0757 52.2119 65.3093 
50.3148 8.0405 54.2247 90.0895 85.1786 
68.3453 33.0647 10.1054 39.4260 89.3909 
66.0302 88.5474 9.4077 42.5361 23.6375 
15.3375 14.9199 55.9335 0.0406 43.7667 
42.3777 41.9191 37.8966 42.0218 75.5693 
75.3379 89.7541 78.0595 40.4136 41.9660 
43.3687 90.7284 50.0065 97.5934 80.8179 
35.1851 65.9387 13.8826 45.2905 5.3647 
3.2735 11.3207 93.9121 12.6812 53.8568 
17.5496 28.0187 68.7766 73.4831 28.0593 
12.5433 15.8607 69.9784 50.4399 57.8825 
45.5477 25.7778 47.6366 23.6071 66.1914 
89.6026 66.9759 56.9198 39.6091 64.5693 
37.7377 74.7942 30.5080 51.6203 20.0847 
35.8727 54.8938 31.4054 29.7849 67.5750 
85.2622 47.3345 95.5938 54.0389 20.8175 
23.6531 66.5822 36.6783 93.6315 17.0221 
94.5608 39.1792 42.7999 42.1975 62.7863 
8.9914 31.8000 29.7622 65.9112 71.4091 
94.3315 3.6489 46.2033 24.8395 55.2692 
66.2880 60.7122 10.1630 97.6935 90.4971 
77.7380 82.9557 37.8316 73.3318 36.9946 
58.6491 96.9849 3.5767 95.3274 90.6164 
20.5989 89.8882 29.7956 63.3988 32.0857 
92.5819 72.3902 63.8857 22.3441 38.3013 
35.2948 16.6755 41.9502 81.4982 41.5150 
97.2194 47.7862 2.2273 7.3824 45.4797 
92.7244 85.1204 28.4354 30.5560 58.4522 
65.4299 89.2051 55.4371 69.0067 84.5325 
46.0535 89.6055 74.4207 75.8491 53.0043 
6.5064 68.4309 25.3945 70.3921 90.7750 
63.6959 5.6869 7.4505 5.6461 87.1851 
48.9656 2.8655 34.9713 51.1929 10.2479 
80.4510 43.9173 95.3683 8.8864 74.4732 
53.8205 74.3163 63.6783 9.2576 43.3230 
48.2107 55.3111 32.9285 22.6314 31.1602 
85.9329 29.1378 99.5912 11.3274 99.5298 
90.3662 75.0232 5.2167 97.8167 80.6693 
92.4018 46.7823 83.5348 27.3731 97.9752 
93.7826 7.8241 41.8925 89.1509 16.7104 
16.3657 42.9714 91.0267 80.0440 52.2290 
34.3497 28.2547 7.5401 67.2782 50.8861 
38.7003 53.2111 80.0239 38.2915 64.5385 
79.5537 28.6577 39.5617 84.7705 26.4745 
20.2310 77.1723 73.2568 3.7658 4.5454 
71.2320 97.5484 12.3695 13.1244 86.6993 
29.0799 29.4901 29.6707 20.1067 9.5341 
81.8996 54.4564 37.7888 89.4397 21.7346 
88.6749 28.1401 74.9457 68.6988 66.4316 
39.4842 48.2525 95.0893 79.0458 33.0230 
21.5638 99.2768 10.1953 94.8206 3.0426 
14.7407 66.0526 0.5910 27.1102 79.1770 
87.2903 56.1902 8.6671 16.9610 76.2968 
18.2012 98.8606 30.7532 55.9900 88.3004 
52.4878 44.6649 16.4405 27.4335 13.3637 
82.8721 66.9177 61.6163 77.9614 45.9635 
94.6393 99.5253 45.2404 4.8346 94.3459 
48.2830 19.5753 60.3984 48.8740 46.6855 
39.5754 36.1644 2.8757 48.2426 53.1254 
79.1725 66.4438 51.9860 9.9258 22.4338 
40.2864 62.4136 67.0987 56.7269 89.8471 
80.4625 39.5990 56.7648 42.0787 17.5605 
2.7284 36.7180 17.0857 47.9688 41.5526 
11.4316 96.2518 61.1279 71.8300 45.1258 
7.8135 11.4054 81.2902 10.6892 59.6480 
34.4156 89.8617 26.0918 86.4016 99.7875 
48.5257 26.6880 62.2011 15.6244 83.4149 
52.0482 96.0868 23.0139 8.8130 38.1656 
40.5744 11.5414 74.8836 57.6601 59.5102 
16.4362 69.0917 55.7619 77.5641 40.9217 
0.8877 85.3776 52.3271 82.1779 96.0668 
11.9752 16.5934 85.9285 38.0670 2.9950 
85.7159 86.5927 29.6830 47.9170 2.2170 
13.0979 99.9652 98.3039 36.1119 8.7782 
36.4695 76.6862 20.3196 11.3530 34.3464 
79.8297 27.7892 3.4380 35.5916 5.3534 
44.3597 36.4793 90.7310 96.6868 18.6572 
86.7977 8.6620 35.2506 72.7262 46.7290 
38.2457 58.4421 33.3217 67.9287 6.3591 
35.5387 81.0266 6.3243 33.8426 17.1385 
15.1025 70.3121 93.8247 35.4221 81.6651 
28.1711 15.2518 9.4543 31.6091 50.8434 
14.8077 75.9688 87.3228 5.5387 72.6557 
5.9800 92.3364 81.3177 41.2306 65.0626 
28.0467 79.4763 23.5047 61.3683 47.4050 
29.8639 96.9071 28.4316 36.1881 30.7496 
45.5701 51.2906 1.0617 39.3948 86.7127 
82.7268 67.5659 1.9645 92.1812 99.1751 
52.8079 6.9889 75.1439 40.1306 12.5275 
47.7996 46.1106 4.8639 29.1173 87.3412 
69.9265 57.1639 66.8175 93.4312 18.5323 
14.2225 23.2951 15.4393 42.6541 59.4832 
46.1890 88.2242 10.7738 47.2507 27.6190 
97.4865 29.9775 95.1850 99.4510 22.1587 
94.3601 52.2588 29.1475 69.5040 92.3895 
41.6750 17.3036 38.5001 46.5389 46.4208 
25.8413 16.4654 3.5848 92.6588 9.8966 
22.1171 6.8814 33.1917 37.5564 49.5355 
92.6749 83.7454 37.7597 3.4487 30.9961 
65.3787 0.9352 60.9736 60.5637 0.3862 
83.1323 54.9238 52.6450 12.2798 24.4277 
45.0345 53.9549 41.7313 83.5346 0.4938 
88.1521 9.3759 16.9592 91.7369 2.0347 
26.8558 13.8539 8.9161 60.0475 51.4103 
58.4516 52.7224 35.1557 96.2112 56.1712 
66.1518 61.5899 57.1064 27.1254 22.1536 
57.4926 10.2577 77.0774 10.1377 22.5375 
1.5051 55.1721 76.4924 43.2364 38.7067 
76.9862 31.3885 48.0826 93.9454 23.1253 
50.1173 20.8012 36.9793 59.0334 80.8488 
88.3896 17.4850 33.5712 23.5453 13.6962 
89.7424 89.6971 75.2861 46.8488 16.8225 
97.4398 4.3415 27.0803 74.5172 14.4791 
49.6178 76.0223 69.6513 26.1102 19.2586 
8.3580 3.0963 50.6471 56.4406 97.0417 
73.7724 6.5579 17.8430 10.7517 65.5914 
98.6918 99.1413 83.0764 32.2630 22.6866 
96.7726 22.0054 12.3838 72.0587 68.8542 
29.2063 69.4985 73.1957 56.2866 44.0157 
87.6748 5.9043 20.0379 57.3261 32.0145 
39.2966 65.6840 35.1109 89.9437 22.1246 
32.1526 63.7161 28.6825 49.9956 74.4678 
94.2739 48.6873 73.6091 77.3503 80.9503 
96.2958 74.1229 2.9557 8.6795 46.1816 
71.8099 37.8859 15.6801 45.0056 94.1724 
59.6958 32.6804 0.0768 79.7337 90.0065 
32.0913 19.0303 55.6905 67.2021 8.9739 
77.8152 99.3547 72.6900 6.4977 49.3503 
47.1579 0.7716 98.0376 20.7670 78.1219 
78.9879 17.0628 52.2448 81.9436 25.7423 
98.4264 53.7536 63.6282 14.1065 98.7592 
57.8006 73.8023 31.4397 57.8774 53.5360 
21.4462 89.9687 72.5663 77.1367 57.1708 
81.5402 54.9519 56.5256 54.2302 61.4496 
5.8759 1.3881 62.2212 3.9135 22.1551 
40.3431 82.9015 39.2179 92.5878 64.8451 
64.9603 91.0142 18.5987 28.5885 5.1208 
17.3579 86.3891 78.9231 48.7976 44.2665 
32.4591 70.2437 34.2352 5.0254 47.3805 
91.4060 86.5657 2.3323 47.9315 40.7959 
63.7819 53.8074 42.1840 26.0030 57.7209 
64.3391 66.3461 40.6224 3.5571 58.9339 
5.4675 68.5173 49.9481 24.0662 97.1058 
55.0689 41.4241 83.4949 33.9920 90.2216 
27.7614 66.4511 60.4654 61.9965 71.4766 
7.8458 53.4025 58.0422 10.1782 1.3341 
98.8382 73.9600 55.1415 41.0222 99.9631 
12.8624 5.3613 66.3091 53.4848 8.9184 
25.2430 58.9522 77.4357 75.1912 83.0184 
74.5415 30.2601 24.4425 58.0364 64.2521 
14.6641 85.7978 30.7032 75.1295 47.7943 
2.1798 82.9753 1.1968 60.2221 93.1535 
2.5309 59.0602 67.1135 57.6724 0.0824 
67.0766 70.5347 5.4437 33.3857 24.0195 
14.3621 58.6287 82.9717 91.7979 33.8199 
65.9901 66.3394 64.0800 90.4326 24.3758 
28.3321 5.0967 10.1735 59.0354 80.2262 
57.9678 61.2152 63.2015 59.1647 21.4373 
56.3550 61.6955 80.4975 23.4686 19.3679 
80.5799 90.5452 89.9026 86.0237 23.9309 
13.9221 0.3858 82.5596 96.8939 92.1837 
16.3796 62.8840 58.5230 80.4596 53.3165 
82.8988 8.7917 58.4132 93.0723 67.8271 
38.6394 51.0402 29.0423 1.8409 10.2048 
50.4796 58.1960 71.9004 30.9771 81.6646 
91.2682 11.5571 72.2097 81.1709 97.5807 
96.1406 95.0930 97.9666 78.7003 91.9869 
90.1503 95.0798 54.8708 48.6733 75.5394 
8.1873 31.5721 84.3312 66.6005 24.6445 
52.1583 5.2399 75.6846 81.2006 7.0808 
85.8895 31.6802 65.2768 57.7898 62.6573 
46.9413 49.0581 74.2143 19.1511 30.2290 
71.7951 15.2917 25.3220 69.7616 93.9920 
17.3089 59.9119 89.0718 72.1797 8.5852 
64.6113 80.3670 40.1573 48.9424 46.9676 
64.8018 1.1007 52.2075 40.4864 82.3013 
59.2883 26.3759 13.9814 24.5651 84.1657 
76.6387 71.5065 33.2238 50.8530 90.6575 
63.4528 22.6481 5.9492 88.7748 92.4097 
99.9412 6.0836 52.3216 89.0130 78.2633 
60.9068 53.6243 58.6303 1.0642 2.5667 
5.5979 65.8659 3.6674 57.8054 6.3524 
85.9686 17.0937 32.7282 99.9500 41.6589 
16.8940 76.5887 13.1653 50.1178 27.4417 
3.8229 13.5705 50.0898 9.7721 2.3453 
42.4995 9.7133 8.4289 94.8211 98.7263 
86.6922 55.7279 52.3506 45.3226 56.7921 
54.9173 50.9205 22.6580 58.5846 8.7259 
29.0104 44.5533 25.8196 61.7387 44.5033 
67.4785 78.6326 21.0920 80.6438 28.7504 
48.5337 84.4667 42.3209 98.6235 94.2388 
44.6662 41.1230 3.9521 53.0952 35.9441 
2.6784 39.7874 91.6720 55.0290 85.1100 
48.4641 9.9463 36.0305 71.1222 68.5309 
44.7564 0.1326 13.0842 70.5760 61.8712 
57.5875 38.0544 40.5038 78.6796 18.6983 
69.2542 27.2133 3.1649 11.5752 25.8368 
97.4037 56.2414 66.9598 1.3558 9.3366 
2.9040 4.0343 49.1240 94.5760 59.0633 
34.2340 43.0401 69.0096 70.2645 14.1623 
37.5405 15.0208 14.2949 50.6247 85.5968 
76.1661 8.2122 23.6512 16.6699 86.8918 
42.3495 85.9242 14.1051 45.5145 97.4993 
39.9420 42.9182 53.7407 6.9018 44.2740 
63.0773 9.8057 48.3083 12.2013 4.3817 
7.3716 46.4353 47.4219 76.3811 16.6998 
61.5842 13.9216 31.7206 75.8791 64.5464 
17.3174 52.0451 72.7586 40.9687 68.7151 
59.6504 83.3182 54.6393 73.7555 28.8326 
52.1386 13.6975 71.7508 5.8793 20.5993 
16.0248 68.9566 30.4050 64.3331 81.1579 
34.7868 71.7047 27.5933 82.2086 48.0859 
44.2931 43.7928 62.0075 76.0137 19.6719 
26.5539 93.3311 71.7170 99.3125 34.2998 
40.4321 58.9629 17.6179 95.0714 32.7184 
46.4505 47.2099 46.4159 18.2014 53.0892 
67.0152 34.2262 22.0459 97.4202 98.5593 
3.2038 32.2070 70.2641 30.7971 14.4156 
18.3500 75.0902 58.2084 80.3575 51.1039 
77.8803 6.9114 44.4350 49.5973 6.2239 
78.7347 90.0294 65.1868 96.3527 85.1007 
97.9052 42.8032 32.3107 44.3211 61.0046 
85.3999 11.3363 95.2308 7.4458 8.7565 
93.7901 10.6496 40.9635 64.0542 41.4467 
55.3791 82.4041 16.5369 13.5875 62.7616 
67.6407 91.4678 69.6730 12.0757 41.0651 
75.8969 90.8104 31.0944 41.0836 87.1631 
16.1952 38.9888 29.9663 48.5059 83.3099 
90.9708 33.9058 94.6461 86.2016 41.3516 
3.4026 79.9917 52.0012 44.3661 44.0458 
93.4478 99.7451 26.4500 9.9847 13.3326 
89.2116 77.6254 4.8004 58.8846 89.7011 
45.8655 34.7815 80.5115 76.9599 75.8651 
67.6745 93.1551 14.8539 97.6408 41.6609 
98.1637 88.6116 75.5667 92.8099 74.8131 
16.9182 96.2125 54.8048 68.9194 40.5786 
98.8506 62.3672 40.3237 25.3006 72.3519 
53.6564 14.5122 49.9773 58.4568 73.3968 
39.6784 4.3222 8.1783 20.1899 81.2821 
84.0434 87.8644 74.4372 98.8972 85.5051 
16.0982 97.0610 74.1167 91.6649 89.8709 
48.9298 8.5831 86.0834 3.7347 77.5025 
26.6620 2.5853 39.8698 66.9857 27.8859 
12.2217 20.6421 42.3981 62.1990 79.0989 
15.7949 1.8774 83.4212 23.9732 22.0673 
64.7033 8.0166 9.9316 39.1405 6.9138 
95.4368 55.2387 3.9747 69.5535 46.9035 
93.8456 18.4833 55.4866 79.9290 22.2180 
32.9892 6.5910 24.8033 72.8589 73.5767 
52.6892 85.0806 94.2188 95.0873 47.2796 
73.3178 10.8823 49.1571 56.7389 34.8555 
71.2244 21.4422 42.8720 81.1560 60.5827 
49.7858 76.5928 15.8214 53.7606 46.1462 
62.7250 47.6062 64.6295 18.2116 27.5352 
86.8475 51.2008 34.1262 11.6508 24.0597 
7.7029 64.3400 9.1403 1.9217 59.4273 
56.4199 75.2395 70.3096 5.5770 31.9784 
5.1651 76.8013 53.4206 48.0371 57.9573 
14.0033 97.8229 34.5501 29.8248 51.5835 
80.6963 92.5497 99.1897 45.3259 10.7613 
26.7249 32.1734 61.9621 60.8510 43.8242 
86.0217 68.5539 8.1642 95.1620 70.4757 
67.5915 51.5819 45.7151 37.9011 57.1589 
77.6935 43.0662 33.9602 31.1141 91.1033 
91.9175 45.1175 88.9262 26.4676 74.9422 
40.5098 7.1640 67.4919 39.6995 52.4898 
78.2533 66.4243 84.6632 40.2153 27.2754 
28.4874 26.2371 95.8293 36.6516 21.3991 
66.3049 4.2431 72.9810 12.0201 42.1442 
30.1399 89.7136 85.2104 64.1001 20.8278 
76.3137 56.0176 65.9452 65.2399 82.4853 
40.8875 5.7497 89.6493 8.3794 45.4491 
42.1391 86.6327 11.8735 26.8023 26.8480 
39.1488 55.2897 53.0851 34.9781 91.9412 
74.4841 1.2830 96.1843 47.4651 13.3031 
38.3285 77.6050 3.0167 23.5388 41.7051 
23.8445 99.8525 97.7227 89.7897 65.0924 
80.2080 30.6772 70.8421 69.8573 39.0566 
16.2912 11.9964 25.6893 28.1647 38.7987 
52.5373 67.3135 94.0884 5.6223 2.2916 
86.0296 80.1065 3.5746 82.2139 27.5716 
16.8778 20.5424 5.1766 19.8945 44.0813 
46.8817 43.7390 43.9338 44.6045 33.5287 
9.0262 24.8125 64.2059 79.8683 94.6698 
3.2625 96.1596 6.6662 28.9518 24.3243 
45.4649 81.4890 91.6378 39.5532 87.1113 
93.9294 25.5828 67.2178 97.5040 7.7968 
94.7894 14.3818 28.3392 99.9660 34.2763 
72.4205 46.8477 78.0153 16.3543 91.4522 
11.5440 25.3805 16.2647 75.7500 5.2488 
10.9345 79.0125 1.4084 17.6006 7.9642 
25.7327 63.0655 89.4532 17.3704 2.6187 
76.5645 11.2998 28.2016 43.7823 8.8038 
35.9984 38.5717 23.1855 64.3376 38.5378 
57.4618 36.7581 85.3855 35.4771 53.1124 
76.8377 47.0211 78.4929 93.1024 22.7711 
83.7417 4.0368 1.7835 85.1502 21.6375 
9.7478 10.8828 84.7030 99.2010 28.2532 
87.3217 75.7655 39.5530 15.5233 19.5478 
48.3568 51.5216 58.1196 71.5423 15.8592 
96.6573 29.0041 52.6173 82.0428 64.4812 
5.7297 58.8805 11.5024 84.2226 51.9828 
34.2735 67.9643 56.0197 36.0570 53.1144 
77.6571 45.8048 63.9973 62.3601 45.0057 
92.2505 49.6818 20.7712 31.8035 65.2051 
40.3191 80.1603 16.7267 98.4386 51.7026 
32.5859 95.0959 80.7067 85.2032 77.1387 
45.1879 90.9329 36.0192 56.6903 75.1554 
88.0020 90.9638 43.1197 44.0217 27.0209 
96.2342 21.6789 72.8256 60.2314 84.0390 
17.8314 52.4819 33.7208 38.6026 84.2854 
98.9258 78.9217 64.4457 15.6525 77.3603 
16.1482 48.2384 72.4562 96.8549 33.4416 
49.5949 42.0429 24.3745 85.6141 98.7332 
99.5299 73.6162 89.6970 42.6496 17.6379 
16.7179 38.8838 39.3167 89.5435 99.1152 
23.3557 7.3749 51.5971 57.0765 45.9775 
35.8825 56.0023 24.8992 0.3282 71.6548 
2.2595 16.4764 19.8933 74.7157 13.3314 
53.3348 24.3106 55.3743 77.7093 9.9247 
54.1075 77.2392 83.5409 43.8045 19.8887 
1.1788 60.5223 58.7725 40.4956 50.0659 
57.8877 63.8513 57.4408 9.4848 20.9278 
3.4183 45.3673 76.9301 28.3175 45.6955 
48.5850 30.5770 62.1719 68.4782 5.2926 
75.5033 21.8131 29.6033 30.8776 99.5223 
39.5280 84.9850 76.7615 23.0689 28.7895 
96.6503 24.2477 89.3119 55.4228 64.7433 
39.3777 13.3104 28.5946 96.8185 22.7952 
49.5224 0.2368 68.1625 26.4525 28.5543 
13.8580 75.0375 59.1312 76.0300 43.5157 
64.4239 51.5333 65.3287 94.0271 82.4109 
64.8511 33.5551 67.3959 41.6126 56.6241 
96.1854 38.2628 80.8718 85.4973 93.6856 
45.6151 24.8750 6.9960 74.2097 21.6935 
29.7912 23.7321 21.9303 97.9537 50.1846 
50.4845 11.8118 25.2221 9.6157 87.8417 
68.7377 74.0396 39.3750 34.0664 68.0667 
21.7858 98.9175 1.6219 89.1817 40.5301 
58.2460 85.3671 78.7929 39.1178 70.8644 
72.4785 84.7330 95.7394 79.4745 58.9427 
17.4330 9.2657 82.6748 39.3632 7.2194 
32.8595 89.8478 19.0312 58.0815 99.4635 
6.8729 26.8193 73.5031 46.2479 60.8857 
41.5699 68.0337 59.8032 43.1918 57.2154 
0.3332 1.4377 42.5826 79.1261 40.5555 
13.4470 51.6045 25.2885 9.1864 31.0790 
84.2312 26.6194 40.3447 66.9060 65.9826 
47.5641 99.7655 55.8304 66.5953 57.8470 
55.2939 73.4682 84.6663 28.7970 19.7161 
45.5519 70.3669 87.7498 5.3551 13.5586 
44.9652 5.6883 14.9964 87.5478 84.8144 
55.5519 0.9948 36.4190 80.8404 10.1812 
67.4980 65.0716 36.8006 7.8427 31.9776 
2.7833 55.4068 31.7431 58.6137 22.0022 
89.5901 13.9076 95.4704 74.2564 42.7046 
15.1865 19.8083 13.0715 2.9363 25.1634 
26.6301 47.9015 30.8517 41.6264 35.4493 
15.6662 97.1783 36.4441 52.0852 78.0187 
46.6253 19.5831 43.0903 83.4260 27.4258 
75.0679 86.2093 82.8327 6.8110 44.8229 
4.8349 96.4012 58.7305 0.3053 70.6575 
1.4350 15.4917 90.4658 14.5065 18.4280 
15.6293 41.1366 66.3295 46.4810 82.7630 
1.7788 62.1472 79.9414 38.2229 14.2323 
57.9601 84.8482 33.8155 1.0504 68.2742 
61.2413 76.1183 54.4834 44.0740 82.9294 
99.3064 48.9089 79.3305 58.0368 49.2141 
49.9881 59.4719 64.7059 40.4539 73.9784 
83.1339 56.0831 15.1149 49.4634 2.5641 
97.8780 51.2422 64.7113 77.8193 89.4651 
78.9437 35.7794 74.3133 12.7591 36.8298 
42.5875 74.0005 12.9481 97.0710 18.0745 
95.8775 96.3773 66.9833 75.2080 54.4142 
16.1975 25.1961 13.8860 80.9034 65.6500 
87.8644 64.0373 21.7331 2.9793 13.5007 
24.2973 0.8573 64.7429 89.0086 78.6766 
54.2080 67.9523 14.4560 28.5213 80.7114 
51.2858 71.1088 54.7119 64.2339 68.1798 
72.7863 60.1114 64.5571 39.7697 35.3195 
18.9713 55.9672 60.5156 32.8573 36.8705 
26.1656 20.7217 0.9078 47.8987 23.7010 
14.4084 72.1960 24.5583 79.1513 61.2046 
3.2350 33.3593 29.1569 17.6910 61.8806 
9.8683 68.9768 32.9894 64.5801 33.2107 
1.1693 37.3665 93.3221 65.7264 77.1361 
28.6416 84.6977 33.1033 89.1572 17.5550 
69.9738 15.3227 38.2767 70.8816 63.2214 
61.9777 85.2900 35.4174 86.5361 64.4413 
96.6220 89.7710 97.8006 25.7789 7.4620 
59.6812 35.6471 76.4388 92.6707 0.2273 
9.6495 93.8399 37.5937 2.9717 59.5663 
14.7299 31.6133 44.2640 47.8332 20.7704 
61.8190 17.8070 36.0932 0.0957 88.6886 
99.3146 62.0734 73.9786 34.7320 48.6095 
38.4199 31.3540 38.3805 36.2205 57.1328 
45.8426 95.9017 92.7800 22.2814 88.5723 
93.0072 31.9309 82.4122 30.6010 34.9026 
41.9785 45.3309 66.5159 86.2425 93.1640 
87.2863 48.0615 10.9710 23.3795 48.1572 
99.6596 22.6941 10.2306 73.6382 57.4260 
58.8401 12.0580 88.7800 97.2206 48.2785 
45.9128 43.0632 44.1802 38.6928 65.3445 
32.7525 31.7000 97.2754 15.1647 62.3010 
32.1780 57.1433 7.6319 98.6939 43.3858 
0.7959 85.9802 91.4473 11.7669 9.3596 
39.6045 11.4265 32.0537 49.8351 85.0647 
89.4797 8.6752 97.1227 78.2597 5.8958 
45.4012 24.1726 48.9589 89.5813 62.8654 
14.3034 22.3338 94.5654 11.5789 37.4985 
56.8664 43.7569 94.6418 64.4983 42.4507 
38.0276 65.2942 28.4309 29.4749 77.0611 
37.7905 69.0794 88.4877 69.8442 18.9145 
73.5523 59.3240 27.5897 70.6750 37.5837 
33.4854 16.0762 61.7563 82.4444 5.6576 
24.6217 96.7478 27.9914 19.1871 8.3267 
65.4899 76.0536 52.0836 60.1317 40.5519 
94.5343 98.1593 5.8461 22.9652 27.6343 
82.9072 60.7557 96.7137 71.3949 30.6000 
15.6282 44.9472 89.9239 43.2179 15.6223 
27.5076 76.7033 31.6985 89.2639 59.1477 
37.3561 13.8856 55.8955 65.3475 33.0728 
64.2222 30.8375 9.1263 16.3057 90.9692 
49.6782 10.8400 89.1285 55.5243 33.8052 
16.7628 38.4316 94.5610 13.4765 9.8265 
25.1609 29.1046 54.7737 15.0848 72.3225 
70.3960 42.5925 49.0258 2.0945 31.8564 
8.1735 39.4506 45.7420 64.0689 4.7982 
78.8148 28.2911 35.6356 87.9411 44.5968 
26.6048 37.6193 55.4369 15.7333 93.1437 
89.2421 32.4961 31.5753 83.8030 45.9726 
41.4018 8.9640 75.0772 96.1755 24.0488 
47.3997 66.5715 66.6413 96.4255 68.6661 
98.4976 4.5989 8.1167 44.2396 68.6678 
12.9149 23.0544 96.9589 48.5505 10.9955 
41.5558 75.1553 48.6148 96.9926 90.8886 
41.7585 86.2347 23.3847 73.3338 70.0378 
69.3572 14.7356 79.0017 44.4344 10.9111 
3.0505 91.8341 77.4826 69.6918 88.2596 
46.1486 68.1894 92.8585 54.2654 12.4290 
61.5263 67.1802 35.4834 58.4853 15.7307 
46.4789 0.0411 90.8860 95.0937 97.0337 
81.7746 36.8523 83.2684 5.1592 10.1861 
53.3062 74.5165 24.9216 32.3079 18.9509 
35.8327 35.3584 10.7850 13.3153 5.0502 
99.0446 59.4639 73.2396 91.9031 13.7293 
85.6686 53.4294 80.9095 21.1520 11.9147 
96.6402 67.6309 11.9558 87.5261 62.7247 
8.9895 69.3007 99.5769 92.2579 74.4599 
9.7630 45.5641 48.9764 34.6846 77.8720 
67.9273 70.5173 13.2305 78.7123 83.8325 
18.2807 77.7570 43.2964 91.5202 69.6600 
57.0257 77.1888 23.0895 37.9352 98.3408 
35.0042 34.5753 65.9718 46.9600 22.1014 
28.6964 55.9494 91.4021 28.2733 48.2073 
65.8620 38.0363 93.7715 14.8384 72.7209 
71.6435 82.7658 43.2382 84.8739 61.4781 
27.0707 3.1546 39.2351 70.3671 94.6748 
8.8951 27.3928 71.8636 31.9846 65.3280 
70.2045 66.9888 99.9033 36.1762 13.9488 
22.0047 64.8727 69.8982 13.4069 93.1460 
18.1056 79.2689 31.1823 11.8770 94.1074 
3.9032 83.5205 76.8731 47.1414 68.3944 
38.3512 74.2122 71.5490 77.5863 44.5793 
66.2239 86.4814 71.9721 38.0875 18.4660 
37.3001 8.2920 85.4548 37.2034 44.4682 
99.4035 59.2081 9.3409 69.3018 72.6150 
2.4869 87.4073 51.8839 33.6692 99.2843 
45.9913 37.5724 82.8048 22.8644 84.7139 
51.1992 61.2156 58.9260 22.7483 38.8019 
3.5053 88.9721 25.2833 75.4775 27.0596 
43.7493 12.7776 35.3516 29.2041 49.9810 
79.8198 28.6077 9.1891 89.1607 97.9094 
81.8041 91.6476 85.3167 33.6880 25.3167 
84.6010 79.6793 62.8892 67.4058 2.5437 
47.6030 18.6050 63.7593 6.5291 41.3533 
2.5613 10.0344 30.3254 27.8446 85.5119 
57.3851 71.5939 98.2895 92.7367 0.7980 
48.2704 72.5565 29.4057 57.4596 61.7172 
27.3151 39.2637 53.3647 12.6318 72.9517 
78.6815 97.2328 52.6310 41.5707 64.6386 
55.1747 89.1737 83.2436 18.9341 95.7028 
24.5969 21.4953 5.7372 54.9223 49.3399 
91.2490 12.3074 20.9338 89.5385 5.0441 
21.7318 37.8089 77.6006 51.1375 95.2685 
39.3178 78.4525 34.5322 92.6825 91.0843 
7.4839 71.3640 88.3171 60.1149 12.9347 
52.9557 15.2896 2.1083 36.1993 34.2237 
97.8111 60.7963 55.7190 3.5483 15.7186 
5.0589 94.7973 28.0260 25.9927 84.3358 
33.0701 47.7245 22.1448 10.6707 98.8620 
17.4133 49.9884 77.3145 51.9454 42.6709 
68.3988 59.4293 14.0349 56.7160 19.5442 
26.9696 9.6717 34.8338 29.0779 45.8710 
69.0575 26.8890 6.6673 24.7766 30.4373 
22.3859 29.8355 25.2346 50.4119 55.8282 
9.5704 83.4820 3.5527 31.7152 94.1527 
2.4147 49.1285 44.1411 79.7292 1.0739 
86.8120 48.1280 60.5032 0.8469 4.8440 
80.0474 27.8164 14.5157 14.8813 56.8943 
60.3867 83.9388 83.7833 67.0539 8.7154 
14.2206 89.4398 38.5509 39.4553 39.8518 
94.3790 49.0257 23.3338 97.9317 80.7409 
17.4864 0.3464 29.8694 61.6275 80.0756 
30.9433 48.4394 28.2036 91.4465 49.2863 
33.0476 71.4940 77.1027 47.5632 86.3753 
33.9971 7.9499 70.3141 17.7804 75.0039 
79.0295 32.0011 64.4437 17.5803 71.4563 
4.2955 11.9594 20.4820 27.6292 9.8911 
1.2229 45.1157 10.2375 31.0923 6.7431 
90.3130 62.0357 55.1826 18.5166 53.4822 
4.4689 51.5642 24.9762 81.5716 99.1274 
11.3514 15.5687 7.0773 81.6655 33.3491 
82.0812 60.6950 65.3502 46.5249 78.2753 
36.8065 50.8204 90.2347 57.2885 78.4496 
0.1258 58.5115 23.5653 10.3633 89.6038 
30.3084 0.6763 51.6395 85.4910 19.1929 
5.1217 89.9599 70.7571 30.0979 71.5316 
69.8845 41.4493 87.1003 76.9619 23.1148 
20.4495 59.0430 83.8098 85.7997 5.5680 
62.0851 22.6062 56.3883 52.3198 79.8947 
34.8379 52.4456 38.4062 58.4032 62.8089 
28.0100 88.7117 63.4852 79.6494 74.2027 
82.6781 84.7711 64.1627 53.4352 14.8690 
35.6942 23.3197 56.3183 22.7945 0.2816 
79.4331 43.2440 59.3246 63.2429 29.0437 
64.8926 25.3280 51.6498 21.2809 77.6479 
31.5445 56.1188 30.0935 69.9507 14.5221 
92.9023 97.9606 3.2338 56.3875 77.6100 
77.4365 39.0655 62.3811 41.5991 92.5007 
77.2501 77.2933 15.8204 33.5684 0.0879 
16.1019 13.0015 43.3319 75.4266 76.2444 
72.3755 40.3191 1.5725 24.0253 61.6000 
79.2203 55.5699 17.7188 9.3138 25.5205 
